9.416498993963782205e-01 9.435483870967742437e-01 9.435483870967742437e-01 9.435483870967742437e-01 9.616935483870967527e-01
9.295774647887323772e-01 9.415322580645161255e-01 9.475806451612903691e-01 9.395161290322581182e-01 9.274193548387096309e-01
9.476861167002011976e-01 9.395161290322581182e-01 9.475806451612903691e-01 9.395161290322581182e-01 9.193548387096773800e-01
9.496981891348088567e-01 9.314516129032257563e-01 9.475806451612903691e-01 9.596774193548387455e-01 9.213709677419354982e-01
9.255533199195170591e-01 9.314516129032257563e-01 9.395161290322581182e-01 9.516129032258064946e-01 9.495967741935483764e-01
9.476861167002011976e-01 9.294354838709677491e-01 9.435483870967742437e-01 9.395161290322581182e-01 9.334677419354838745e-01
9.436619718309858795e-01 9.395161290322581182e-01 9.395161290322581182e-01 9.375000000000000000e-01 9.375000000000000000e-01
9.275653923541247181e-01 9.475806451612903691e-01 9.354838709677418818e-01 9.395161290322581182e-01 9.334677419354838745e-01
9.396378269617706724e-01 9.334677419354838745e-01 9.354838709677418818e-01 9.354838709677418818e-01 9.294354838709677491e-01
9.496981891348088567e-01 9.395161290322581182e-01 9.334677419354838745e-01 9.475806451612903691e-01 9.475806451612903691e-01
