9.406952965235173547e-01 9.288389513108614715e-01 9.330543933054393779e-01 9.353612167300380253e-01 9.445585215605749596e-01
9.343936381709742056e-01 9.463601532567049723e-01 9.454545454545454364e-01 9.338677354709419287e-01 9.212121212121212599e-01
9.443378119001919480e-01 9.519999999999999574e-01 9.516129032258064946e-01 9.492187500000000000e-01 9.173553719008264995e-01
9.294605809128630991e-01 9.404761904761904656e-01 9.359223300970873627e-01 9.467680608365018902e-01 9.346938775510204023e-01
9.409448818897637734e-01 9.506903353057198913e-01 9.230769230769231282e-01 9.348659003831417680e-01 9.431818181818182323e-01
9.344262295081967595e-01 9.508840864440079033e-01 9.284332688588007310e-01 9.563409563409563940e-01 9.439071566731140894e-01
9.409368635437881379e-01 9.240246406570842286e-01 9.566929133858267376e-01 9.243027888446214702e-01 9.477756286266924013e-01
9.313304721030042366e-01 9.523809523809523281e-01 9.112426035502958488e-01 9.505703422053232154e-01 9.447852760736196176e-01
9.498997995991983467e-01 9.444444444444444198e-01 9.469387755102041115e-01 9.383697813121272269e-01 9.395711500974658348e-01
9.399999999999999467e-01 9.273504273504273865e-01 9.538461538461538991e-01 9.268292682926829729e-01 9.544554455445544150e-01
