9.467680608365018902e-01 9.224489795918366930e-01 9.169960474308300746e-01 9.263565891472868019e-01 9.236947791164659138e-01
9.314516129032257563e-01 9.115384615384615197e-01 9.197080291970802790e-01 9.240000000000000435e-01 9.277108433734939652e-01
9.328358208955224162e-01 9.249011857707509776e-01 9.361702127659574657e-01 9.604743083003952631e-01 9.105058365758754713e-01
9.094488188976378451e-01 9.303278688524589946e-01 9.639999999999999680e-01 9.533073929961090043e-01 9.233716475095785636e-01
9.233716475095785636e-01 9.708333333333333259e-01 9.310344827586206629e-01 9.319148936170212894e-01 9.302325581395348708e-01
9.277108433734939652e-01 9.224806201550387330e-01 9.027237354085603238e-01 9.527559055118109965e-01 9.042145593869731490e-01
9.411764705882352811e-01 9.302325581395348708e-01 9.201680672268907069e-01 8.909774436090225347e-01 9.386973180076628731e-01
9.795081967213115082e-01 8.957528957528957392e-01 9.323308270676691212e-01 9.288702928870292697e-01 9.414062500000000000e-01
9.257812500000000000e-01 9.498069498069497962e-01 9.166666666666666297e-01 9.173228346456693272e-01 9.638554216867469826e-01
9.188034188034187588e-01 9.399999999999999467e-01 9.488188976377952555e-01 9.641434262948207490e-01 9.285714285714286031e-01
