9.539748953974895862e-01 9.529411764705881804e-01 9.391634980988593506e-01 9.465020576131687458e-01 9.430894308943089666e-01
9.573643410852713531e-01 9.227467811158798217e-01 9.589552238805970630e-01 9.490196078431372140e-01 9.482758620689655249e-01
9.433198380566801822e-01 9.414062500000000000e-01 9.498069498069497962e-01 9.519650655021834051e-01 9.372549019607843146e-01
9.533898305084745894e-01 9.473684210526315264e-01 9.724409448818898127e-01 9.496124031007752153e-01 9.322709163346613037e-01
9.586776859504132497e-01 9.450980392156862475e-01 9.516129032258064946e-01 9.401709401709401615e-01 9.550561797752809001e-01
9.460580912863070235e-01 9.504132231404959219e-01 9.606299212598424786e-01 9.622641509433962348e-01 9.180327868852459217e-01
9.631147540983606703e-01 9.459459459459459429e-01 9.631147540983606703e-01 9.439999999999999503e-01 9.357429718875501790e-01
9.467680608365018902e-01 9.752066115702479054e-01 9.227642276422763912e-01 9.365079365079365115e-01 9.629629629629629095e-01
9.285714285714286031e-01 9.704641350210970741e-01 9.527559055118109965e-01 9.475806451612903691e-01 9.254901960784314152e-01
9.590163934426229053e-01 9.249011857707509776e-01 9.377289377289377281e-01 9.714285714285714191e-01 9.307359307359307499e-01
