9.842489061740399281e-01 9.566288249494356855e-01 9.735033548303042572e-01 9.801806199658287255e-01 9.721869918699186375e-01
9.837157539851395516e-01 9.834212754869390283e-01 9.747393418891003858e-01 9.709624928809698075e-01 9.814781616688397214e-01
9.806493718387991887e-01 9.764430272662198984e-01 9.886245110821382243e-01 9.769189479334405846e-01 9.720627693308399042e-01
9.605199222546161320e-01 9.786756453423121060e-01 9.738777973510798214e-01 9.847969675278193113e-01 9.878698948398140223e-01
9.777004048582995654e-01 9.788753080174283916e-01 9.794971930680986816e-01 9.686117616445485412e-01 9.732417770392454148e-01
9.817439444119749892e-01 9.727867891342583118e-01 9.757235772357722992e-01 9.720813008130081423e-01 9.835856119791668295e-01
9.755935607164837320e-01 9.662181948330839099e-01 9.749491497843951748e-01 9.766862575908046296e-01 9.804715447154472852e-01
9.718031023919703193e-01 9.811305315527625304e-01 9.703577235772357090e-01 9.794594067135050652e-01 9.779703776041666075e-01
9.769130998702983959e-01 9.631744172806975257e-01 9.775658270155702656e-01 9.845028051061062158e-01 9.769180701326174443e-01
9.834919593042337205e-01 9.747860510192349892e-01 9.653223839336531054e-01 9.742939368811277534e-01 9.761904761904761640e-01
