1.008005973710840664e+00 1.108130883210221240e+00 1.078950681005063750e+00 1.082353857435935041e+00 1.046856567144367922e+00
1.094982140737993381e+00 1.056909348469203147e+00 1.091127212376959754e+00 1.084410944577351765e+00 1.057706393398786693e+00
1.106805735404679414e+00 1.054167217518922284e+00 1.063230579498667838e+00 1.036146360637789421e+00 1.056735571834699350e+00
1.065262925123068305e+00 1.100083445473036381e+00 1.057992881991493217e+00 1.049097598120441566e+00 1.094888946962115250e+00
1.098597712164860019e+00 1.059029477972924349e+00 1.052023834877997555e+00 1.042132806366421027e+00 1.077376851666304702e+00
1.060611649147805036e+00 1.074567442259641625e+00 1.105773393917137470e+00 1.059703139706216213e+00 1.087965193937398878e+00
1.085017201232115092e+00 1.079928003551972493e+00 1.093657230986128548e+00 1.055945746624547210e+00 1.056391751293963344e+00
1.057884033423275971e+00 1.087911571540985278e+00 1.077544241359287724e+00 1.086504756195739052e+00 1.034434338639025341e+00
1.102959042531320044e+00 1.107049537790136151e+00 1.040758645048210473e+00 1.008136550088910788e+00 1.070475319531508207e+00
1.073777145756189988e+00 1.093809773353211501e+00 1.054827818555856389e+00 1.074220683298175327e+00 1.046787004409955868e+00
1.087024744882757465e+00 1.092401191407980088e+00 1.047305140920268274e+00 1.034741056143571925e+00 1.071950023704613120e+00
1.126786966432615111e+00 1.054440267465759362e+00 1.069832462262754857e+00 1.046718082571653996e+00 1.039913468031834265e+00
1.042586832797484986e+00 1.051725131464539498e+00 1.082304722191726798e+00 1.102279706590731934e+00 1.067348670214424367e+00
1.139089048693544770e+00 1.066905913913167359e+00 1.031391625004489887e+00 1.050029187144444265e+00 1.066363969008813806e+00
1.043147038060667109e+00 1.045386940039450208e+00 1.063500387341703268e+00 1.106883783682717226e+00 1.085191460762414017e+00
1.036602238717998059e+00 1.066866815401870117e+00 1.062371976925181150e+00 1.068084101416344023e+00 1.095518693358648488e+00
1.060289101400054612e+00 1.069770266597205977e+00 1.073569540699046421e+00 1.057099517585973869e+00 1.086853936526610998e+00
