1.403655763549669366e+00 1.758478387993341064e+12 2.344371892661614165e+00 2.262222770476952860e+00 4.974198180617751953e+12
1.927710264400128493e+00 1.743900783380301966e+00 2.737642517364229004e+12 1.561808812059413798e+00 5.322519021297074219e+12
4.940907126296779297e+12 1.311968326244891347e+00 2.112088799047506348e+12 2.445690955361859764e+00 1.717787125020871608e+00
4.112375377138580078e+12 2.898829835119783203e+12 1.500446940305444787e+00 1.923975046544644574e+00 2.422182233462207179e+00
1.904492908275881247e+00 5.387883829649572266e+12 1.760003310946994137e+00 3.016200540232299316e+12 2.763452277284267566e+00
1.948080544308242290e+00 4.596059755594383789e+12 2.645403665495043022e+00 2.205892399817937988e+12 1.451851332482225310e+00
4.714192091839820312e+12 3.254936632629545912e+00 1.748569681522521124e+00 2.695086193811203613e+12 2.226614466121943803e+00
2.583263156861037135e+00 2.412434526616684671e+00 1.816986884684193448e+00 2.837013581440161621e+12 3.519666608084418945e+12
1.808841282927516447e+00 1.755169255369005699e+00 4.720818839823739258e+12 2.239817257598794434e+12 2.957162194622823037e+00
2.164528268613716309e+12 1.618112681426897348e+00 1.470156949969167126e+00 5.292031762364118164e+12 2.231616037796378738e+00
1.492504742978671084e+00 1.953005016264297119e+12 5.511797129851897461e+12 2.286094003317597600e+00 1.465100854792622309e+00
4.191007203877132812e+12 2.313033247674582515e+00 2.243648843774896973e+12 2.732192599584604586e+00 1.793498540633078786e+00
1.433988781613691366e+00 6.923447570690681641e+12 2.575014030503530282e+00 1.673142771890556268e+00 2.520061510801999916e+00
7.966930699732298828e+12 1.889128293236914669e+00 1.215595890235600107e+00 2.027224319583606604e+00 2.255677734278329627e+00
1.937159150156781084e+00 2.264545559153097168e+12 2.138174576104252989e+00 5.786889094657218750e+12 2.419712710977328651e+00
1.650201556957581639e+00 1.859922532940474854e+12 5.505657919080677734e+12 1.897025280366059441e+00 2.000728878160130453e+00
1.828909838214784811e+00 2.341006947546604433e+00 4.892186313635099609e+12 1.927965227004332764e+12 1.368497586532149590e+00
