2.110845805599613545e+00 2.133128344228899742e+00 2.068203706104328354e+00 2.128217283273333482e+00 2.182608861202735007e+00
2.177096560924666857e+00 2.126790444012051307e+00 2.018925721258765460e+00 2.166930196660751484e+00 2.140151505863292503e+00
2.162851387169471007e+00 2.031315361672905606e+00 1.973509532209903661e+00 2.304452482518745793e+00 2.206641697558830106e+00
2.097641420459549266e+00 2.154263497229722102e+00 2.173850566239742044e+00 2.192085020082323865e+00 2.058148716144676094e+00
2.145376551928052766e+00 2.039712905053373326e+00 2.191253815193444421e+00 2.214373547789060481e+00 2.112180284603074831e+00
2.196577487683831542e+00 2.161189314977945308e+00 1.955552277956365215e+00 2.066037463530669527e+00 2.191046481946911317e+00
2.093711184046621820e+00 2.289149981353034491e+00 2.031168553783825104e+00 2.170371798330201774e+00 2.056204960514541824e+00
2.176943065597724214e+00 2.211662168902698067e+00 2.205342216069429373e+00 1.977033281310077273e+00 1.961627403949810722e+00
2.189340836926081391e+00 1.925658809133100391e+00 2.127248285704683717e+00 2.223155666683531262e+00 2.212171633081186251e+00
2.224574923808843252e+00 2.148985040057880269e+00 2.099119069352004097e+00 2.164309622676725109e+00 2.018880048246550096e+00
1.890665777267952485e+00 2.208868833439979973e+00 2.108557176549445522e+00 2.133777943748006223e+00 2.220900267504800851e+00
2.159010483177060902e+00 2.086707285323843308e+00 2.098120738474842373e+00 2.149823765303083167e+00 2.136767671931688817e+00
2.069531784691274634e+00 2.017789677342426202e+00 2.047035728689219791e+00 2.242538283618280115e+00 2.193410515030488561e+00
2.175529890518141940e+00 2.134990956814759588e+00 2.104172315093294721e+00 2.177886947640939930e+00 1.999709649712378301e+00
2.154967233956185169e+00 1.993805116862700455e+00 2.097139050386392256e+00 1.932991195330064915e+00 2.379946947713909911e+00
2.067120855381555877e+00 2.117208973727805699e+00 2.301841058566608034e+00 1.989920306381792958e+00 2.186725585376883441e+00
2.205132799599425208e+00 2.059809682080936621e+00 2.083551160411525771e+00 2.185536727321121475e+00 2.032665264415379980e+00
