6.212500457325481618e-01 5.919553758752645889e-01 6.348487301604802679e-01 6.253756606771920801e-01 6.539743648142086752e-01
6.220443788830710696e-01 6.085119350993648535e-01 6.405712382658905746e-01 6.299974483160720728e-01 6.170064503722885174e-01
6.157959069387346496e-01 5.875926931016144383e-01 6.493528270693535998e-01 6.000958149018169596e-01 6.398339045734269259e-01
5.971828051517088509e-01 6.324649644030896356e-01 6.127874809971989301e-01 6.291622706603118287e-01 6.525825304402891325e-01
6.432342666260697506e-01 6.367790452786949995e-01 6.443197548182604262e-01 6.415887814234983999e-01 5.693244082536128570e-01
6.443201667862732407e-01 6.279538119881198366e-01 6.431414258887384605e-01 6.292646718039223153e-01 5.833481054127993559e-01
6.350115321427749482e-01 6.050391369355483384e-01 6.242568384399045378e-01 6.443709647144754138e-01 6.331730360754660447e-01
6.488132968668185452e-01 6.241817560522634478e-01 6.037440290373743412e-01 6.250368673179620416e-01 6.239857554484325997e-01
5.989674569219727296e-01 6.144046967570253592e-01 6.323752920037417624e-01 6.493279312439758089e-01 6.356100758887295310e-01
6.050246187197896308e-01 5.984641987677484787e-01 6.369610901552457127e-01 6.321803018663570972e-01 6.419141185029497709e-01
6.053329858550804410e-01 6.110819011599313288e-01 6.403462846245733253e-01 6.542748206984680959e-01 6.219946080963867363e-01
6.131836015759029035e-01 6.475453584063401991e-01 6.211999264503622609e-01 6.246119020197575811e-01 6.221142118972566859e-01
6.381771350365057494e-01 6.051188217336178621e-01 6.138417517149570291e-01 6.379058908451880061e-01 6.107200730214967788e-01
6.172957279103681305e-01 5.923455075340652298e-01 6.341527070248229592e-01 6.316909113929123354e-01 6.440665378294414545e-01
6.065163624589564595e-01 6.393094642066337041e-01 6.176005776108237644e-01 6.395026556643790272e-01 6.330471130901714760e-01
6.508682477713958470e-01 5.957975796986025863e-01 6.092595753736901321e-01 6.477044339616720992e-01 6.053611341468239093e-01
6.260925931082730322e-01 6.388863510774392962e-01 6.416341282007003155e-01 6.086197091629506062e-01 6.376895949196628166e-01
