3.255102035689814954e+01 3.490548482513560202e+01 3.161425853971649857e+01 3.567106824767574125e+01 3.397679054742922489e+01
3.430352614728863614e+01 3.225355027280833298e+01 3.361599461953406376e+01 3.447209600183614242e+01 3.410472082083335721e+01
3.155059496396210506e+01 3.612652634926650563e+01 3.505278946308162347e+01 3.494198102217217183e+01 2.958435671032688319e+01
3.409488614371120718e+01 3.268172870170481303e+01 3.433081340987326513e+01 3.727945607101369774e+01 3.180160849816912716e+01
3.826121641635140236e+01 3.413766137539862200e+01 3.006060350755801736e+01 3.344895003409450140e+01 3.388550852459063378e+01
3.177585939965245032e+01 3.440256919218620624e+01 3.376768386447707115e+01 3.503482551306738912e+01 3.629170512511331737e+01
3.304483094660870535e+01 3.172925351007112127e+01 3.556760750528098214e+01 3.301961587453404690e+01 3.481265615635680177e+01
3.505972609985064281e+01 3.206505387384075334e+01 3.380341505127834978e+01 3.598651020041775439e+01 3.286774205423215989e+01
3.313935724274923444e+01 3.858713467673529607e+01 3.166439257600378454e+01 3.368263971103035459e+01 3.138840257312336490e+01
3.532187386258434003e+01 3.461859932317857869e+01 3.628148370445700266e+01 3.243023818945300718e+01 3.266803686990164834e+01
