2.729706181281046362e+00 2.536252946026787303e+00 3.438487980239637753e+00 3.124633653299111913e+00 2.623955341864940394e+00
2.754051389896281066e+00 2.929435890613431237e+00 2.730408504740248876e+00 2.534047490526253998e+00 3.278545249921732019e+00
2.991966130588904260e+00 2.873305996527030004e+00 2.589325219403149081e+00 2.609900490659167627e+00 3.129521926239710705e+00
2.940932495095281762e+00 2.840036919669806981e+00 3.194850731633252394e+00 2.725025047512284360e+00 2.529036678673123983e+00
2.866473434919079022e+00 2.566862994300596057e+00 3.052786017503505089e+00 3.109054391955208274e+00 2.551546776314402187e+00
2.454281727260411827e+00 2.804652703371122602e+00 2.868196562723602572e+00 3.375434336247587819e+00 2.670626114443630961e+00
2.445429596507575631e+00 2.490158983100445589e+00 2.789136205852757122e+00 3.511813686959198044e+00 3.019451922121452636e+00
2.870201126837969685e+00 2.594537729781384972e+00 2.873983335103582171e+00 2.940220017122244123e+00 2.860837633630397114e+00
3.474160098098259652e+00 2.248784646279761823e+00 3.211973171618551781e+00 3.400610419119027394e+00 2.383039400438458966e+00
2.794702589230422696e+00 3.173548495083467813e+00 2.822826798724404451e+00 3.104628800254295662e+00 2.237554218288962282e+00
