2.619910349362314264e+03 1.812523657010313627e+03 2.137653368131184834e+03 2.023263278638689371e+03 1.923843938519399217e+03
1.910642952845677200e+03 1.944431162556995105e+03 2.284876037388683017e+03 1.938748527695850498e+03 2.291877026207012477e+03
1.955554587934083429e+03 2.098549000703260845e+03 1.935543359292762943e+03 2.073393302419538941e+03 2.306922134637142335e+03
2.251892418462318801e+03 1.883952906199349854e+03 2.137421830790943659e+03 2.186834281984385143e+03 1.999508679791981876e+03
1.880449057010770048e+03 2.192759227990791715e+03 1.965144971495871005e+03 1.987471869991910353e+03 2.304044764983591904e+03
1.965468315812855053e+03 2.282854803389545395e+03 1.445986881009000854e+03 2.345685264284556979e+03 2.212850484596322531e+03
2.078991229509244022e+03 2.292311854353349190e+03 1.861557510700386729e+03 1.839831691101525166e+03 2.257652118199714550e+03
2.324681189652583271e+03 1.835770635944339801e+03 1.898530094640597326e+03 2.604914489189720825e+03 1.875510857447154876e+03
2.353671106087893804e+03 1.828238313437598890e+03 2.141842242103511580e+03 1.781773541676085188e+03 2.350225160120156033e+03
1.977840878000465182e+03 1.834213384848404075e+03 2.326229607273210149e+03 2.029342322928290514e+03 2.060332818675403360e+03
