1.788402263590428420e-01 1.455845661589083573e-01 1.876686367155862012e-01 2.055600790344986883e-01 9.706240617266614912e-02
1.398099246301559573e-01 2.307401354895222134e-01 1.288815394235908185e-01 1.141583304449595992e-01 2.366309607743796173e-01
1.280290349792295723e-01 1.695083376995114577e-01 2.930043688739002450e-01 1.301732886183660787e-01 1.520828083480288972e-01
5.313262041258504098e-02 2.725922475455495597e-01 1.649436663714535234e-01 1.450684488432131269e-01 1.965662067103114419e-01
1.932430152657103051e-01 2.248969462459824431e-01 1.355873307726814803e-01 1.992873253210142304e-01 1.203789414777042266e-01
1.138955745501819550e-01 1.477786569999431920e-01 2.385281634941659457e-01 1.023744312457204320e-01 2.378346175895930115e-01
1.749236333083642458e-01 1.592144564754237601e-01 1.687674892909710733e-01 2.039746865925763375e-01 1.986838194683177017e-01
1.547215766539292714e-01 2.459785988071732099e-01 2.056126742127037943e-01 2.262951996893591833e-01 -2.610462780813826988e-02
1.977001480759071894e-01 4.968180023667756462e-02 2.479768101905647226e-01 2.340791436774368739e-01 8.690340233891391541e-02
1.013635682602744836e-01 1.915025545462127887e-01 1.299996391294434561e-01 2.185265077898057573e-01 2.296945684776742214e-01
