8.384299406663623389e-01 8.502966681880419486e-01 8.388863532633500375e-01 8.447488584474885931e-01 8.356164383561643927e-01
8.603377453217708748e-01 8.480146052031035664e-01 8.407120036513007211e-01 8.369863013698629617e-01 8.378995433789954150e-01
8.402555910543131334e-01 8.475581926061159788e-01 8.366042902784116553e-01 8.461187214611871621e-01 8.484018264840182955e-01
8.375171154723870526e-01 8.548607941579187131e-01 8.439068918302145006e-01 8.452054794520548198e-01 8.442922374429223664e-01
8.575992697398447939e-01 8.429940666362392143e-01 8.484710178000912650e-01 8.383561643835616417e-01 8.497716894977168645e-01
8.489274303970789637e-01 8.480146052031035664e-01 8.557736193518941104e-01 8.401826484018264374e-01 8.497716894977168645e-01
8.566864445458695076e-01 8.370607028753993539e-01 8.443633044272021992e-01 8.264840182648401923e-01 8.456621004566210464e-01
8.452761296211775965e-01 8.329529895025102881e-01 8.585120949338201912e-01 8.397260273972603217e-01 8.484018264840182955e-01
8.585120949338201912e-01 8.334094020994979868e-01 8.411684162482884197e-01 8.337899543378995970e-01 8.470319634703196154e-01
8.580556823368324926e-01 8.366042902784116553e-01 8.534915563669557281e-01 8.484018264840182955e-01 8.397260273972603217e-01
8.471017800091282801e-01 8.393427658603377362e-01 8.484710178000912650e-01 8.452054794520548198e-01 8.438356164383561397e-01
8.466453674121405815e-01 8.475581926061159788e-01 8.562300319488818090e-01 8.493150684931506378e-01 8.424657534246575707e-01
8.379735280693747512e-01 8.475581926061159788e-01 8.416248288452761184e-01 8.529680365296803402e-01 8.511415525114155445e-01
8.429940666362392143e-01 8.516659059790050446e-01 8.443633044272021992e-01 8.474885844748858421e-01 8.420091324200913441e-01
8.525787311729803308e-01 8.512094933820173459e-01 8.439068918302145006e-01 8.342465753424657127e-01 8.488584474885845221e-01
