8.521816562778272708e-01 8.436525612472159930e-01 8.622183708838822014e-01 8.518843120070114239e-01 8.307139649753031430e-01
8.391361833406787429e-01 8.613819415006358504e-01 8.433303491495076631e-01 8.402314196706720528e-01 8.525033829499323312e-01
8.536478811708169134e-01 8.333333333333333703e-01 8.560243584167028796e-01 8.540955631399317349e-01 8.443032228778938331e-01
8.512544802867383353e-01 8.464254192409532696e-01 8.598781549173194483e-01 8.478260869565217295e-01 8.505949757602467853e-01
8.523023457862728414e-01 8.481906443071491886e-01 8.359303391384050874e-01 8.566387295985884442e-01 8.583916083916084405e-01
8.615384615384615863e-01 8.471919895515890309e-01 8.509680324178298116e-01 8.446645655110310846e-01 8.408679927667269682e-01
8.462897526501766965e-01 8.429084380610413207e-01 8.567603748326639845e-01 8.548672566371681159e-01 8.490401396160558445e-01
8.413610251878037571e-01 8.624089155593656075e-01 8.535714285714285365e-01 8.401620891490320098e-01 8.488372093023255349e-01
8.298158958239784111e-01 8.575244879786286800e-01 8.557478916999555763e-01 8.381631743201070073e-01 8.698275862068965969e-01
8.512323943661971315e-01 8.525164113785558273e-01 8.418708240534521492e-01 8.525324966382787917e-01 8.429319371727748145e-01
8.531656937584194411e-01 8.642634623943035166e-01 8.546486250545612950e-01 8.475316732197466507e-01 8.406445837063563076e-01
8.575174825174824988e-01 8.370635631154879075e-01 8.526363226678683738e-01 8.657105606258148622e-01 8.507265521796565366e-01
8.472160356347439025e-01 8.539920599911777765e-01 8.540925266903914848e-01 8.447748141670310407e-01 8.451327433628318397e-01
8.558310376492194171e-01 8.511930585683297190e-01 8.428949691085613205e-01 8.570198105081826556e-01 8.425720620842571673e-01
8.414414414414413956e-01 8.630313439244310381e-01 8.598781549173194483e-01 8.506056527590848404e-01 8.613595706618962788e-01
