8.326143226919758833e-01 8.150975402883799958e-01 8.240819812126387589e-01 8.331892826274849284e-01 8.292682926829267887e-01
8.206896551724137678e-01 8.378839590443686314e-01 8.152812762384550327e-01 8.274374460742018877e-01 8.389982110912342916e-01
8.224137931034483096e-01 8.316062176165802677e-01 8.206239168110918136e-01 8.315972222222222099e-01 8.469475494411006222e-01
8.290522586359609925e-01 8.183347350714886836e-01 8.490732568402471481e-01 8.477508650519031130e-01 8.112889637742207727e-01
8.225399495374263736e-01 8.301886792452830566e-01 8.247602441150828634e-01 8.343504795117698825e-01 8.307952622673434595e-01
8.273809523809523281e-01 8.337595907928389005e-01 8.368554522400676321e-01 8.337754199823165235e-01 8.103004291845493645e-01
8.250428816466551796e-01 8.487680543755310447e-01 8.353658536585365502e-01 8.124474348191758066e-01 8.262786596119929827e-01
8.300884955752212413e-01 8.278829604130808484e-01 8.404701931150293515e-01 8.368915456874466141e-01 8.070325900514579986e-01
8.283772302463890957e-01 8.239999999999999547e-01 8.095637583892617561e-01 8.261633011413520578e-01 8.431876606683804676e-01
8.427272727272727693e-01 8.223740392826643930e-01 8.199300699300698936e-01 8.471283783783783994e-01 8.280309544282029588e-01
8.371893744644387514e-01 8.310580204778157398e-01 7.994746059544658445e-01 8.442760942760942910e-01 8.187976291278576957e-01
8.425196850393700254e-01 8.145299145299145227e-01 8.352124891587163757e-01 8.274978650725874907e-01 8.409090909090909394e-01
8.403508771929824039e-01 8.232235701906412961e-01 8.213028169014084945e-01 8.391489361702128003e-01 8.076923076923077094e-01
8.181034482758621218e-01 8.390611902766136332e-01 8.057491289198606133e-01 8.254237288135592987e-01 8.437768240343347381e-01
8.200873362445414427e-01 8.458188153310104429e-01 8.408488063660477518e-01 8.179571663920922608e-01 8.299912816041847829e-01
