8.620689655172413257e-01 8.770571151984510871e-01 8.766756032171582058e-01 8.730450781968721596e-01 8.708260105448154542e-01
8.840579710144927938e-01 8.696043165467626235e-01 8.873499538319482571e-01 8.429602888086642487e-01 8.755676657584015032e-01
8.747810858143607593e-01 8.655767484105358900e-01 8.487940630797773389e-01 8.877455565949485816e-01 8.864042933810375446e-01
8.584310189359783960e-01 8.865248226950354082e-01 8.811059907834101201e-01 8.781818181818181746e-01 8.618784530386740528e-01
8.674588665447897640e-01 8.775877587758775800e-01 8.744354110207768205e-01 8.714153561517113955e-01 8.744394618834080424e-01
8.827708703374778088e-01 8.864711447492904517e-01 8.538812785388127935e-01 8.758928571428571397e-01 8.837837837837837496e-01
8.823529411764705621e-01 8.730158730158730229e-01 8.611599297012302312e-01 8.622009569377990790e-01 8.692449355432780855e-01
8.792792792792792911e-01 8.773062730627306793e-01 8.810172570390554236e-01 8.792626728110598533e-01 8.634751773049645918e-01
8.888888888888888395e-01 8.544131028207461176e-01 8.796992481203007586e-01 8.869257950530035073e-01 8.744394618834080424e-01
8.767857142857142794e-01 8.798486281929990271e-01 8.677007299270073082e-01 8.447368421052631193e-01 8.776255707762556924e-01
8.830083565459609929e-01 8.709964412811388446e-01 8.743016759776536251e-01 8.657777777777777573e-01 8.754512635379061436e-01
8.800000000000000044e-01 8.663053297199638791e-01 8.854262144821264391e-01 8.447488584474885931e-01 8.726457399103139112e-01
8.589511754068716032e-01 8.890942698706100211e-01 8.940338379341050690e-01 8.654353562005276945e-01 8.726415094339622369e-01
8.729433272394880872e-01 8.678057553956834980e-01 8.836996336996336687e-01 8.852313167259786564e-01 8.581952117863720364e-01
8.700614574187883754e-01 8.691674290942360548e-01 8.719785138764547527e-01 8.868101028999064717e-01 8.596330275229357998e-01
