9.134301294614881606e-01 9.272316569689433852e-01 9.226630214695555887e-01 9.251219333186546656e-01 9.202160133444536871e-01
9.237084624870844918e-01 9.255591451085116717e-01 9.216727259379635662e-01 9.253950141840598942e-01 9.207867835844494309e-01
9.108306623486210896e-01 9.271142711427113881e-01 9.314550469571595270e-01 9.233646013432984523e-01 9.185911695989843473e-01
9.239168474837263778e-01 9.106149627888757703e-01 9.249871068851736045e-01 9.248092488056154359e-01 9.377031771759196666e-01
9.212565619531705163e-01 9.224887300119157807e-01 9.287523844332183920e-01 9.129661944386984196e-01 9.197155454866973168e-01
9.167179512837831945e-01 9.125008958796204661e-01 9.360767425737293035e-01 9.174687767144137363e-01 9.286578713835805798e-01
9.161441614416144796e-01 9.220964919590033393e-01 9.225383570434450009e-01 9.195644412114093447e-01 9.342412925259161449e-01
9.266622658525160983e-01 9.166479099142357256e-01 9.298795277126268299e-01 9.259206742157837233e-01 9.158354634826773033e-01
9.196332133213321880e-01 9.204742977610012034e-01 9.187130369846846500e-01 9.260751196663277174e-01 9.247586930656006565e-01
9.209355558555359922e-01 9.289975715686731306e-01 9.182059796785664307e-01 9.212911099080853816e-01 9.226241583913875610e-01
9.148817380638107899e-01 9.304301075268817112e-01 9.196087889783913782e-01 9.251786129969689076e-01 9.224520433694745059e-01
9.239348726859586414e-01 9.323925705572082556e-01 9.203549077939719991e-01 9.167406231024335383e-01 9.185930012946970091e-01
9.207805192334014288e-01 9.182074383691318786e-01 9.259579281874809054e-01 9.180847674209110520e-01 9.330795580506789921e-01
9.234398857188577114e-01 9.278018949958024564e-01 9.156073357932840162e-01 9.183328106651007516e-01 9.229075477741006672e-01
9.286484450643855970e-01 9.160100164162563452e-01 9.237925917280132015e-01 9.199999332790669282e-01 9.175464453936628129e-01
